2018xxxx-0000/bilstm_5000
accuracy is:472
('up', 'down', 'left', 'right', 'star', 'del', 'square', 'carret', 'tick', 'circlecc')
[[42  0  0  4  2  0  0  0  2  0]
 [ 0 48  2  0  0  0  0  0  0  0]
 [ 0  1 48  0  1  0  0  0  0  0]
 [ 0  0  0 49  0  0  0  0  0  1]
 [ 0  0  0  0 44  0  0  6  0  0]
 [ 0  0  0  0  0 42  2  0  1  5]
 [ 0  0  0  0  0  0 50  0  0  0]
 [ 0  0  0  0  0  0  0 50  0  0]
 [ 0  0  0  0  0  0  0  0 50  0]
 [ 0  0  0  0  0  1  0  0  0 49]]


---------------------------------------------------------------------------------------------------
20180903-1000/bilstm_3770
accuracy is:466
('up', 'down', 'left', 'right', 'star', 'del', 'square', 'carret', 'tick', 'circlecc')
[[47  0  0  3  0  0  0  0  0  0]
 [ 0 49  1  0  0  0  0  0  0  0]
 [ 0  0 49  0  0  0  0  0  0  1]
 [ 0  0  0 47  0  0  0  1  2  0]
 [ 0  0  0  0 48  0  0  2  0  0]
 [ 0  0  0  0  0 32  0  0  1 17]
 [ 0  0  1  0  0  0 49  0  0  0]
 [ 1  0  0  0  1  0  0 48  0  0]
 [ 0  0  0  2  0  0  0  0 48  0]
 [ 0  0  0  0  0  1  0  0  0 49]]

20180903-1000/bilstm_1875
accuracy is:466
('up', 'down', 'left', 'right', 'star', 'del', 'square', 'carret', 'tick', 'circlecc')
[[45  0  0  3  0  0  0  0  2  0]
 [ 0 50  0  0  0  0  0  0  0  0]
 [ 0  1 47  0  1  0  0  0  0  1]
 [ 0  0  0 47  0  0  0  1  2  0]
 [ 0  1  0  0 47  0  0  2  0  0]
 [ 0  0  0  1  0 40  0  0  1  8]
 [ 0  0  3  0  0  0 47  0  0  0]
 [ 0  0  0  0  1  0  0 48  0  1]
 [ 0  0  0  4  0  0  0  0 46  0]
 [ 0  0  0  0  0  0  1  0  0 49]]

20180903-1000/bilstm_1120
accuracy is:458
('up', 'down', 'left', 'right', 'star', 'del', 'square', 'carret', 'tick', 'circlecc')
[[40  0  0  6  0  2  2  0  0  0]
 [ 0 48  1  0  1  0  0  0  0  0]
 [ 0  0 48  0  1  1  0  0  0  0]
 [ 0  1  0 46  0  1  0  0  2  0]
 [ 0  0  0  0 47  0  1  2  0  0]
 [ 0  0  0  0  0 45  0  0  1  4]
 [ 0  0  0  0  0  0 49  0  0  1]
 [ 0  0  0  2  2  0  0 46  0  0]
 [ 1  0  0  5  0  0  0  0 44  0]
 [ 0  0  0  0  0  2  3  0  0 45]]


---------------------------------------------------------------------------------------------------
